114
123
132
134
140
142
150
160
164
173
177
186
195
205
209
218
222
231
235
245
249
258
267
272
281
285
294
303
307
317
321
330
339
343
352
357
366
375
380
389
393
402
411
416
421
425
429
438
447
451
460
465
474
483
487
496
501
510
519
523
532
537
546
555
559
568
573
582
591
595
604
609
618
627
631
640
645
654
663
667
676
681
691
700
709
718
726
730
734
744
753
757
761
766
771
779
784
789
793
798
802
806
811
815
820
824
829
833
838
842
847
851
856
860
865
869
874
878
883
887
892
896
901
905
910
914
919
923
932
937
941
946
950
959
968
973
977
982
986
995
1000
1004
1009
1013
1018
1022
1027
1031
1035
1040
1045
1049
1054
1058
1063
1067
1072
1076
1081
1085
1090
1094
1098
1103
1108
1112
1117
1121
1126
1130
1134
1139
1144
1148
1153
1157
1162
1166
1171
1175
1180
1184
1189
1193
1198
1202
1207
1211
1216
1220
1224
1229
1234
1238
1247
1252
1256
1261
1265
1283
1301
1310
1315
1323
1328
1337
1346
1350
1360
1364
1373
1382
1386
1393
1395
1400
1404
1409
1418
1422
1431
1436
1445
1454
1459
1464
1467
1472
1476
1481
1490
1494
1503
1508
1512
1517
1526
1530
1536
1539
1544
1551
1553
1557
1562
1566
1571
1575
1580
1584
1589
1594
1598
1602
1611
1616
1625
1633
1638
1647
1652
1661
1669
1674
1680
1683
1688
1697
1705
1710
1715
1719
1724
1733
1741
1746
1752
1755
1760
1769
1777
1782
1788
1791
1796
1800
1805
1813
1818
1823
1831
1838
1840
1846
1849
1854
1863
1867
1876
1881
1885
1894
1899
1903
1908
1912
1917
1921
1930
1935
1939
1944
1948
1953
1957
1962
1966
1971
1975
1980
1984
1989
1993
1998
2002
2007
2011
2016
2020
2025
2029
2038
2043
2047
2052
2056
2061
2065
2074
2079
2083
2088
2092
2097
2101
2106
2110
2115
2119
2124
2128
2133
2137
2142
2146
2151
2155
2160
2164
2169
2173
2182
2191
2196
2200
2205
2209
2218
2221
2227
2232
2236
2240
2245
2250
2254
2257
2263
2268
2272
2277
2281
2290
2299
2304
2308
2313
2317
2326
2330
2335
2340
2344
2349
2353
2362
2365
2371
2376
2380
2385
2389
2393
2398
2407
2412
2416
2420
2425
2428
2434
2438
2443
2447
2452
2456
2461
2470
2479
2483
2488
2492
2497
2506
2515
2520
2524
2528
2533
2537
2542
2551
2556
2560
2564
2569
2578
2587
2591
2596
2600
2605
2614
2623
2627
2632
2636
2641
2650
2654
2659
2663
2668
2672
2676
2681
2686
2691
2695
2699
2704
2708
2712
2718
2722
2726
2730
2735
2740
2744
2748
2753
2758
2762
2766
2771
2775
2780
2784
2789
2793
2798
2802
2807
2811
2816
2820
2825
2829
2834
2838
2843
2847
2853
2857
2865
2868
2874
2879
2884
2888
2892
2901
2905
2911
2915
2923
2928
2933
2937
2941
2946
2951
2956
2960
2965
2973
2978
2982
2987
2991
2996
3001
3009
3018
3023